## From table S 8 as it matches nothing I can find in code... 

psi.h <- c(.039,.001,.006,.009,.026,.04,.042,.045,.05,.074,.138,.198,.247,.414,.638,1,.873,.104,.873)
psi.ic <- c(.243,.289,.338,.389,.443,.503,.570,.653,.756,.866,.954,1,.972,.854,.645,.402,.107,.784,.107)
psi.hd <- c(.039,.037,.035,.035,.036,.039,.045,.055,.074,.107,.157,.238,.353,.502,.675,.832,1,.134,1)
psi.icd <- c(.282,.286,.291,.299,.310,.328,.353,.39,.446,.52,.604,.705,.806,.899,.969,1,.918,.519,.918)
psi.wd <- c(.091,.083,.077,.074,.074,.076,.08,.086,.093,.102,.117,.148,.211,.332,.526,.753,1,.114,1)
